                      Table 14: Moment Sensitivity

              	    delta	     beta	        T	    alpha	    theta	 thetaEnt	    sigma	 
-------------------------------------------------------------------------------------------------
       entRate	   -0.020	   -0.038	    0.597	    0.044	    0.050	    1.252	   -0.892	 
  meanEmp21_25	    0.087	    0.119	    0.178	   -0.002	    0.271	    0.036	   -0.309	 
 shareEmp21_25	   -0.050	   -0.286	   -0.246	   -0.035	   -0.225	   -0.328	    0.459	 
     exitRatio	    0.109	    0.184	    0.085	    0.007	    0.006	    0.181	   -0.130	 
      shareMan	    0.015	    0.320	    0.251	    1.081	    0.536	   -0.422	   -0.886	 
entProfitShare	   -0.002	   -0.126	    0.415	   -0.026	   -0.320	    0.172	   -0.433	 
  blooomMoment	    0.094	    1.878	   -1.615	   -1.517	    3.247	   -2.437	   -0.960	 
--------------------------------------------------------------------------------------------------